model_name,test_index,test_title,subpasses_total,candidates,judged,judge_errors,candidate_rate,judge_coverage_rate,Evasion / Forfeit__count,Trivialized / Misframed__count,Runaway Overthinking__count,Local-Only (Global Constraint Integration Failure)__count,Near-Miss Edge Case__count
gpt-5.2-HighReasoning,55,VGB6 — Delaunay Triangulation,1,1,1,0,1.0,1.0,0,0,1,0,0
