gemini-2.5-flash-HighReasoning: 0.512619229998677
Human with tools: 0.8218575611962928
gemini-2.5-flash: 0.15969711596659789

