gpt-5.2-HighReasoning: 0.5746624409034404
gpt-5.2-Reasoning-Tools: 0.5435567809172639
Human with tools: 0.5020525052388293
gpt-5.1-Reasoning-Tools: 0.4719518755696977
gemini-3-pro-preview: 0.46562139059514823
gpt-5.1-HighReasoning: 0.45723766763350326
gpt-5-mini-Reasoning-Tools: 0.4317947788533792
gemini-3-pro-preview-HighReasoning: 0.425093841686833
gpt-5-mini-HighReasoning: 0.3650921683736843
gemini-3-pro-preview-Reasoning-Tools: 0.3510444781351993
grok-4-0709-HighReasoning: 0.3050554379345131
gpt-5-mini: 0.28705029878182337
grok-4-1-fast-reasoning: 0.22344883450744418
claude-sonnet-4-5-Reasoning-Tools: 0.22317396075221052
claude-sonnet-4-5-HighReasoning: 0.21890666803565387
gpt-5-nano-HighReasoning: 0.17871836702619753
gemini-2.5-flash: 0.17642119874602577
gpt-5-nano-Reasoning-Tools: 0.17102916984240527
gemini-2.5-flash-HighReasoning: 0.15879627344354533
claude-sonnet-4-5: 0.15860606008666392
gpt-5-nano: 0.15469896701991495
gpt-5.2: 0.11946016806633478
gemini-2.5-flash-lite: 0.11656431483746112
gemini-2.5-flash-Reasoning-Tools: 0.08524991210611758
gemini-2.5-flash-lite-Reasoning-Tools: 0.07746151924116779
gpt-5.1: 0.07092988139570426
gemini-2.5-flash-lite-HighReasoning: 0.06465263804065229
grok-2-vision-1212: 0.04640245878579722
grok-4-1-fast-non-reasoning: 0.025566256982473515
grok-4-0709: 0.0
