Human with tools: 0.6574535999225914
gpt-5-nano: 0.28477248683747297
gemini-2.5-flash-lite: 0.15921392788452018
grok-2-vision-1212: 0.1534295079849154
claude-sonnet-4-5: 0.1182997538471679
nova-lite: 0.0080012077294686
llama3-70b-bedrock: 0.0016606280193236715
qwen3-32B: 0.000981280193236715
