gpt-5.2-chat-azure-Reasoning-7: 51.492306031503354
gemini-3-pro-preview-Reasoning-Tools: 0.6642384387455302
gpt-5.2-Reasoning-Tools: 0.6443061004523086
gpt-5.2-HighReasoning: 0.576147587848078
gemini-3-pro-preview-HighReasoning: 0.5759484066740536
claude-sonnet-4-5-Reasoning-Tools: 0.38122837895126843
claude-sonnet-4-5-HighReasoning: 0.3487419930982621
gpt-5.2-chat-azure-Reasoning: 0.2046730002254677
gpt-5.1: 0.04234465375027434
