gpt-5.1-Reasoning-Tools: 0.5018577880548941
gpt-5.1-HighReasoning: 0.4788879116266889
gemini-3-pro-preview: 0.47570895460224943
gemini-3-pro-preview-HighReasoning: 0.40781865089588837
gpt-5-mini: 0.35625946397664754
claude-sonnet-4-5-HighReasoning: 0.2659222836030268
gpt-5-nano-HighReasoning: 0.2068308941243826
gemini-2.5-flash: 0.19884678719048177
gpt-5-nano: 0.16205087207708108
gpt-5-mini-HighReasoning: 0.14808146371736872
claude-sonnet-4-5-Reasoning-Tools: 0.14750926351073446
gemini-2.5-flash-HighReasoning: 0.14572844325124434
gemini-2.5-flash-lite: 0.13131217238011123
gemini-2.5-flash-lite-Reasoning-Tools: 0.11112893675092418
gpt-5-mini-Reasoning-Tools: 0.1105861340943494
gemini-2.5-flash-lite-HighReasoning: 0.09729853738875427
gpt-5.1: 0.0908238141141762
gpt-5-nano-Reasoning-Tools: 0.0795275098826317
claude-sonnet-4-5: 0.015932684851216707
grok-4-1-fast-non-reasoning: 0.0006483041496282165
gemini-3-pro-preview-Reasoning-Tools: 0.0
grok-4-0709: 0.0
grok-4-1-fast-reasoning: 0.0
Human with tools: 0.0
gemini-2.5-flash-Reasoning-Tools: 0.0
