gemini-3-pro-preview-HighReasoning: 0.4438484500418475
Human with tools: 0.3515171698439145
gpt-5-mini: 0.3364376432246345
gpt-5.2-HighReasoning: 0.32753453796913484
gpt-5.2-Reasoning-Tools: 0.3249807116862698
gpt-5.1-Reasoning-Tools: 0.2798003051888456
gemini-3-pro-preview: 0.2689140910556374
gpt-5.1-HighReasoning: 0.26572568476087277
gemini-2.5-flash-HighReasoning: 0.25966872510348527
gpt-5-nano: 0.24974325973403536
gpt-5-mini-Reasoning-Tools: 0.249633777458646
gpt-5-mini-HighReasoning: 0.21550848493222322
gemini-3-pro-preview-Reasoning-Tools: 0.2050018305781116
gpt-5.2: 0.1970123011933048
grok-4-0709-HighReasoning: 0.1882683869385479
gemini-2.5-flash-lite-HighReasoning: 0.1752446930618546
Qwen3-32B: 0.1563015632790011
Nova-Pro: 0.15065201620754345
claude-sonnet-4-5-Reasoning-Tools: 0.14128232792251946
grok-4-1-fast-reasoning: 0.13424594009933405
claude-sonnet-4-5-HighReasoning: 0.12722396607444583
nova-pro-HighReasoning: 0.10988278356385946
gemini-2.5-flash: 0.10887558109802556
gpt-5-nano-HighReasoning: 0.10366554891562015
gpt-5-nano-Reasoning-Tools: 0.09931528069892155
claude-sonnet-4-5: 0.09219329040279774
Nova-lite: 0.07371856045054458
nova-pro-Reasoning-Tools: 0.0628789333175686
gemini-2.5-flash-lite: 0.06159974833524349
gemini-2.5-flash-Reasoning-Tools: 0.05160170273641211
gemini-2.5-flash-lite-Reasoning-Tools: 0.0424871618919388
gpt-5.1: 0.0411534585575897
grok-2-vision-1212: 0.027542118751220562
grok-4-1-fast-non-reasoning: 0.019312533839272623
nova-pro: 0.0077007304421457526
mistral-large-bedrock: 0.0
llama3-70b-bedrock: 0.0
grok-4-0709: 0.0
qwen3-VL-235B-22B: 0.0
llama3-1-405b-bedrock: 0.0
Nova-2-lite: 0.0
nova-lite-HighReasoning: 0.0
nova-lite: 0.0
nova-premier-HighReasoning: 0.0
nova-lite-Reasoning-Tools: 0.0
nova-premier: 0.0
nova-premier-Reasoning-Tools: 0.0
qwen3-32B: 0.0
