gpt-5.1: 0.7288246182378095
gpt-5.2-Reasoning-Tools: 0.6685996678045246
Human with tools: 0.4725549761423171
gpt-5.1-Reasoning-Tools: 0.4719518755696977
gemini-3-pro-preview: 0.46562139059514823
gpt-5.1-HighReasoning: 0.45723766763350326
gpt-5-mini-Reasoning-Tools: 0.4317947788533792
gemini-3-pro-preview-HighReasoning: 0.42180436800262244
gpt-5-mini-HighReasoning: 0.3650921683736843
gemini-3-pro-preview-Reasoning-Tools: 0.3510444781351993
grok-4-0709: 0.3276266012102371
gpt-5-mini: 0.28705029878182337
claude-sonnet-4-5-HighReasoning: 0.2659222836030268
grok-4-1-fast-reasoning: 0.22344883450744418
gpt-5-nano-HighReasoning: 0.17871836702619753
gemini-2.5-flash: 0.17642119874602577
gpt-5-nano-Reasoning-Tools: 0.17102916984240527
gemini-2.5-flash-HighReasoning: 0.16081754840611104
claude-sonnet-4-5: 0.15860606008666392
gpt-5-nano: 0.15469896701991495
claude-sonnet-4-5-Reasoning-Tools: 0.14750926351073446
gpt-5.2: 0.11946016806633478
gemini-2.5-flash-lite: 0.11656431483746112
gemini-2.5-flash-Reasoning-Tools: 0.08524991210611758
gemini-2.5-flash-lite-Reasoning-Tools: 0.07746151924116779
gemini-2.5-flash-lite-HighReasoning: 0.06465263804065229
grok-4-1-fast-non-reasoning: 0.025566256982473515
