human-with-tools: 0.9731560315140457
gemini-3-flash-preview: 0.6081480345911885
gpt-5.2-HighReasoning: 0.5247374668601753
gemini-3-pro-preview-Reasoning-Tools: 0.3381214196219772
gpt-5-mini: 0.3126947769488201
gpt-5.2-chat-azure-Reasoning: 0.21382926917102968
gemini-2.5-flash: 0.19913269042350507
qwen3-coder-next: 0.15028852341939158
gpt-5.2: 0.0812398964167069
claude-sonnet-4-5: 0.07272337871778084
gpt-5.1: 0.04725328679620404
gemini-2.5-flash-lite: 0.03170478386664598
glm-4.6v: 0.01848545289086269
LLaVA-1.6-34B-HighReasoning: 0.004678362573099415
guessing: 0.0032345884090070136
Qwen2.5-VL-3B-Instruct-HighReasoning: 0.0019020632190524407
Qwen2-VL-2B-Instruct: 0.0011792452830188679
LLaVA-1.6-Mistral-7B: 0.0008771929824561404
LLaVA-1.6-34B: 2.7412280701754386e-05
LLaVA-1.5-7B: 0.0
LLaVA-1.5-7B-HighReasoning: 0.0
LLaVA-1.5-13B: 0.0
LLaVA-1.5-13B-HighReasoning: 0.0
Llama3-LLaVA-Next-8B: 0.0
Llama3-LLaVA-Next-8B-HighReasoning: 0.0
Qwen2-VL-72B: 0.0
Qwen2-VL-72B-HighReasoning: 0.0
Mistral-Large-3-675B: 0.0
Mistral-Large-3-675B-HighReasoning: 0.0
deepseek-coder-33b-instruct: 0.0
deepseek-r1-distill-llama-70b: 0.0
deepseek-r1-distill-llama-70b-HighReasoning: 0.0
deepseek-v2.5: 0.0
deepseek-v2.5-HighReasoning: 0.0
internlm-s1: 0.0
internlm-s1-HighReasoning: 0.0
Llama-4-Maverick-128E: 0.0
Llama-4-Maverick-128E-HighReasoning: 0.0
Qwen3-VL-235B-A22B-Thinking: 0.0
Qwen3-VL-235B-A22B-Thinking-HighReasoning: 0.0
deepseek-vl2: 0.0
deepseek-vl2-HighReasoning: 0.0
deepseek-vl2-small: 0.0
deepseek-vl2-small-HighReasoning: 0.0
deepseek-ocr: 0.0
deepseek-ocr-HighReasoning: 0.0
MiniMax-VL-M2.1: 0.0
MiniMax-VL-M2.1-HighReasoning: 0.0
ERNIE-4.5-VL-424B: 0.0
ERNIE-4.5-VL-424B-HighReasoning: 0.0
llama3-70b-bedrock-HighReasoning: 0.0
LLaVA-1.6-Mistral-7B-HighReasoning: 0.0
always-wrong: 0.0
