Human with tools: 0.42258985970718593
gemini-3-pro-preview-HighReasoning: 0.42251225387713737
gpt-5-mini: 0.31749722778716744
gpt-5.2-Reasoning-Tools: 0.3090063814841864
gpt-5.2-HighReasoning: 0.3070311133298346
gpt-5.1-Reasoning-Tools: 0.2687283849066426
gemini-3-pro-preview: 0.25979729383729594
gpt-5.1-HighReasoning: 0.2551690757752182
gemini-2.5-flash-HighReasoning: 0.25366115567661063
gpt-5-nano: 0.24907956722528343
gpt-5-mini-Reasoning-Tools: 0.23915732835268497
gpt-5-mini-HighReasoning: 0.20717973779325108
gemini-3-pro-preview-Reasoning-Tools: 0.20330271761730148
gpt-5.2: 0.1908969037556996
grok-4-0709-HighReasoning: 0.17555205737282964
gemini-2.5-flash-lite-HighReasoning: 0.17532187905425659
Qwen3-32B: 0.1563015632790011
Nova-Pro: 0.15065201620754345
claude-sonnet-4-5-Reasoning-Tools: 0.14128232792251946
claude-sonnet-4-5-HighReasoning: 0.12722396607444583
grok-4-1-fast-reasoning: 0.1247750446152649
gemini-2.5-flash: 0.11114903955346717
nova-pro-HighReasoning: 0.10988278356385946
gpt-5-nano-HighReasoning: 0.1028754917453536
gpt-5-nano-Reasoning-Tools: 0.1004080482709607
claude-sonnet-4-5: 0.09219329040279774
Nova-lite: 0.07371856045054458
gemini-2.5-flash-lite: 0.06911320710639664
nova-pro-Reasoning-Tools: 0.0628789333175686
gemini-2.5-flash-Reasoning-Tools: 0.05946381775656644
gemini-2.5-flash-lite-Reasoning-Tools: 0.05092315540970771
gpt-5.1: 0.045591874211685694
grok-2-vision-1212: 0.025807985348365932
grok-4-1-fast-non-reasoning: 0.01809655948642952
nova-pro: 0.0077007304421457526
mistral-large-bedrock: 0.0
llama3-70b-bedrock: 0.0
grok-4-0709: 0.0
qwen3-VL-235B-22B: 0.0
llama3-1-405b-bedrock: 0.0
Nova-2-lite: 0.0
nova-lite-HighReasoning: 0.0
nova-lite: 0.0
nova-premier-HighReasoning: 0.0
nova-lite-Reasoning-Tools: 0.0
nova-premier: 0.0
nova-premier-Reasoning-Tools: 0.0
qwen3-32B: 0.0
