gpt-5.2-chat-azure-Reasoning-7: 51.492306031503354
human-with-tools: 0.9639125895353915
gpt-5-mini: 0.3126947769488201
gpt-5.1: 0.04234465375027434
