gpt-5.2-chat-azure-Reasoning-7: 51.492306031503354
gpt-5.2-Reasoning-Tools: 0.6443061004523086
gemini-3-pro-preview-HighReasoning: 0.5454345215512205
claude-sonnet-4-5-Reasoning-Tools: 0.3709332910899089
claude-sonnet-4-5-HighReasoning: 0.3487419930982621
gpt-5.2-chat-azure-Reasoning: 0.2046730002254677
gpt-5.1: 0.04234465375027434
