human-with-tools: 0.9639125895353915
gpt-5-mini: 0.3126947769488201
gpt-5.2-chat-azure-Reasoning: 0.21382926917102968
gpt-5.1: 0.04234465375027434
