human-with-tools: 0.9731560315140457
gemini-3-pro-preview-Reasoning-Tools: 0.3381214196219772
gpt-5-mini: 0.3126947769488201
gpt-5.2-chat-azure-Reasoning: 0.21382926917102968
gpt-5.1: 0.04234465375027434
