gpt-5.2-chat-azure-Reasoning-7: 51.492306031503354
gpt-5.2-chat-azure-Reasoning: 0.21382926917102968
gpt-5.1: 0.04234465375027434
