Human with tools: 0.6429608467550384
gemini-3-pro-preview-HighReasoning: 0.4154648472604598
gpt-5-mini: 0.32045173829722723
gpt-5.2-Reasoning-Tools: 0.3169004588361839
gpt-5.2-HighReasoning: 0.3068430202702733
gpt-5-nano: 0.28477248683756734
gemini-3-pro-preview: 0.26526155610076957
gpt-5.1-Reasoning-Tools: 0.263321056673128
gpt-5.1-HighReasoning: 0.25408421710687096
gemini-2.5-flash-HighReasoning: 0.25021039707882453
gemini-3-pro-preview-Reasoning-Tools: 0.20849021359016626
gpt-5-mini-HighReasoning: 0.1971143619222797
gpt-5.2: 0.1939933478769525
gemini-2.5-flash-lite-HighReasoning: 0.17513372226322202
grok-4-0709-HighReasoning: 0.17217446952057158
gemini-2.5-flash-lite: 0.15921392788452018
grok-2-vision-1212: 0.1534295079849154
claude-opus-4-5-Reasoning-Tools: 0.13184614317030938
grok-4-1-fast-reasoning: 0.1259502704973344
claude-opus-4-5-HighReasoning: 0.11956521739130435
claude-opus-4-5: 0.11513687600644122
gemini-2.5-flash: 0.11242097921899523
nova-pro-HighReasoning: 0.11159545015092914
gpt-5-nano-HighReasoning: 0.10878144771021274
gpt-5-nano-Reasoning-Tools: 0.10183904090922188
nova-pro-Reasoning-Tools: 0.06760279032371323
gemini-2.5-flash-Reasoning-Tools: 0.06178979818967657
gemini-2.5-flash-lite-Reasoning-Tools: 0.053942657007815295
gpt-5.1: 0.05221675727515767
grok-4-1-fast-non-reasoning: 0.02132634442513035
nova-pro: 0.01858713483782707
nova-premier-Reasoning-Tools: 0.011231884057971014
nova-premier: 0.010869565217391304
nova-lite-HighReasoning: 0.010869565217391304
nova-lite-Reasoning-Tools: 0.010869565217391304
nova-premier-HighReasoning: 0.010869565217391304
nova-lite: 0.0080012077294686
llama3-70b-bedrock: 0.0016606280193236715
qwen3-32B: 0.000981280193236715
llama3-1-405b-bedrock: 0.0
qwen3-VL-235B-22B: 0.0
mistral-large-bedrock: 0.0
grok-4-0709: 0.0
